0.116667
0.2
0.283333
6.53333
10
14.5833
17.9167
23.5833
29.1333
30.3667
30.4167
30.45
30.5333
33.0833
34.75
37.9167
38.4667
41.25
44.1333
49.3167
51.4667
56.8
57.8333
61.95
63.2
63.2833
63.3667
64.3667
68.8167
74.0833
78.9833
81.6667
84.2833
84.3333
84.6167
84.7
84.7333
84.7833
87.6167
87.7333
87.7833
87.8667
87.9
87.95
88.0333
88.0667
88.1167
88.2
88.2333
88.6167
91.5333
93.7833
93.8667
94.8667
101.8
102.617
102.667
102.7
102.783
105.2
106.45
110.533
111.333
112
114.367
120.55
125
127.25
128.75
130.283
