0.0333333
0.05
3.53333
3.63333
3.7
3.76667
3.78333
3.81667
3.83333
3.86667
3.88333
6.2
6.36667
8.03333
8.1
8.11667
8.2
9.78333
12.2
12.2167
12.2333
12.25
14.4333
16.4167
18.4333
18.5
18.5333
18.5667
18.5833
18.6167
18.65
18.7
20.8667
20.9167
20.9333
20.95
24.8333
24.8667
26.8667
26.8833
26.9
26.9167
26.95
26.9667
26.9833
27
27.0333
30.1333
32.2
32.3333
32.3667
35.8333
35.9167
35.9833
36.8667
37.0333
38.3333
38.3667
38.4
38.4167
41.3667
41.4
41.4167
41.5333
43.7
46.1333
46.2
46.2167
46.25
46.2667
46.2833
46.3333
46.3667
50.3667
50.5333
50.7
50.8667
54.6667
54.7
56.0333
56.2
57.5333
57.55
58.4333
58.5333
60.4333
60.5333
60.5667
60.5833
60.6167
60.65
60.7
63.0667
64.6667
64.7
65.5333
65.7
65.8667
66.5333
66.6
66.6167
66.7
69
69.0333
70.8667
70.8833
71.7
72.5
72.5333
72.5667
72.6
72.65
72.7167
73.8333
73.8667
73.9
73.95
79
79.0333
81.25
83.15
84.8667
88.25
91.3667
91.3833
91.4
91.5
91.5333
91.55
94.0333
94.1167
94.1333
94.2
96.5
96.5333
96.5833
96.7
98.3667
98.5333
100.367
102.2
102.267
102.317
102.333
102.367
104.95
107
108.4
110.033
110.2
110.367
110.5
110.533
110.7
110.867
111.033
111.2
111.367
111.533
112.6
112.65
112.667
112.7
112.717
114.867
114.917
118
118.033
118.2
120.05
124.7
126.633
128.617
133.533
133.55
133.567
135.9
135.917
135.933
135.95
135.967
136
136.033
139.217
141.367
141.483
141.5
141.533
145.633
145.867
146.033
146.167
146.2
146.217
146.333
146.367
149.917
153.733
157.45
