3.03333
3.1
5.85
5.86667
5.91667
5.96667
6
6.03333
6.08333
6.11667
6.18333
6.21667
6.25
6.28333
6.31667
6.36667
6.43333
6.46667
6.53333
6.56667
6.6
6.63333
6.66667
6.7
6.73333
6.78333
6.88333
6.91667
6.95
7.05
7.08333
7.13333
7.18333
7.23333
7.3
7.33333
7.36667
7.4
7.43333
7.46667
7.5
7.53333
7.65
7.7
7.75
7.8
7.81667
7.85
7.86667
7.88333
7.91667
7.93333
7.95
7.98333
8
13
18.1667
22.3167
24.6667
24.7
25.0333
25.3667
25.7
26.0333
26.3333
26.3667
26.4167
26.4667
26.4833
26.5167
26.5333
26.9167
26.9333
27.0333
29.3667
31.65
38.9
45.5
48.8833
60.2333
60.25
60.2667
60.3
60.3167
60.3333
60.3667
60.3833
60.4167
60.4333
62.0333
66.5167
69.8
70.0333
70.3667
70.7
71.0333
71.3667
71.7
72.0333
72.0833
75.7167
76.3667
79.2833
79.3333
79.3667
79.4667
79.4833
86.45
88.3667
91.0667
97.4333
102.9
102.917
102.933
102.95
102.967
102.983
103
103.033
103.05
103.083
103.1
106.8
114.583
116.8
123.85
123.9
123.917
123.933
123.983
124
124.033
124.05
128.9
128.917
129.033
129.367
129.7
130.033
130.367
130.7
131.033
131.233
133.7
140.867
141.033
141.367
141.7
142.033
142.367
142.7
143.033
143.183
143.25
143.267
143.317
143.333
143.367
143.383
148.283
150.467
150.7
153.65
160.033
161.75
161.8
161.817
161.833
161.883
161.9
161.917
161.933
161.95
168.417
172.033
177
180.567
185.417
192.367
194.833
196.75
197.1
198.333
203.133
207.667
208.083
208.117
208.167
208.2
208.233
208.283
208.317
208.367
208.4
208.433
208.467
208.517
208.55
208.583
208.633
208.667
208.7
208.75
208.783
208.833
208.867
208.9
208.95
208.983
209.033
209.067
209.1
209.133
209.183
209.217
209.25
209.3
209.333
209.367
209.417
209.45
209.5
209.533
209.567
209.617
209.65
209.7
209.733
209.767
209.8
209.85
209.883
209.917
209.967
210
210.033
210.083
210.117
210.167
210.2
210.233
210.283
210.317
210.367
210.4
210.433
210.467
210.517
210.55
210.583
210.633
210.667
210.7
210.75
210.783
210.833
210.867
210.9
210.95
210.983
211.033
211.067
211.1
211.133
211.183
211.217
211.25
211.3
211.333
211.367
211.417
211.45
211.5
211.533
211.567
211.617
211.65
211.7
211.733
211.767
211.8
211.85
211.883
211.917
211.967
212
212.033
212.083
212.117
212.167
212.2
212.233
212.283
212.317
212.367
212.4
212.433
212.467
212.517
213.1
213.133
213.183
213.217
213.25
213.3
213.333
213.367
213.417
213.45
213.5
213.533
213.567
213.617
213.65
213.7
213.733
213.767
213.8
213.85
213.883
213.917
214.033
214.083
214.117
214.167
214.2
214.233
214.283
214.317
214.367
214.4
214.433
214.467
214.517
214.55
214.583
214.633
214.667
214.7
214.75
214.783
214.833
214.867
214.9
214.95
214.983
215.033
215.067
215.1
215.133
215.183
215.217
215.25
215.3
215.333
215.367
215.417
215.45
215.5
215.533
215.567
215.617
215.65
215.7
215.733
215.767
215.8
215.85
215.883
215.917
215.967
216
216.033
216.083
216.117
216.167
216.2
216.233
216.283
216.317
216.367
216.4
216.433
216.467
216.933
218.967
